fold,row_index,ticker_yf,event_date,y_true,y_score,y_pred_0.5
1,1,000001.SZ,2019-09-09,1,0.8520836223281504,1
1,3,000008.SZ,2020-03-09,0,0.36702588226736255,0
1,5,000021.SZ,2019-09-09,1,0.6512110414190395,1
1,7,000035.SZ,2019-09-09,1,0.47156811909265317,0
1,8,000036.SZ,2020-03-09,0,0.28353261043326344,0
1,10,000039.SZ,2019-09-09,1,0.5686674972423661,1
1,11,000050.SZ,2019-09-09,1,0.8782408977200649,1
1,15,000063.SZ,2019-09-09,1,0.9770676206970281,1
1,17,000066.SZ,2019-09-09,1,0.6752797222147642,1
1,21,000100.SZ,2019-09-09,1,0.6256149908150521,1
1,27,000338.SZ,2019-09-09,1,0.9052429014311804,1
1,28,000338.SZ,2020-09-07,0,0.5163648218176886,1
1,30,000513.SZ,2019-09-09,1,0.33478593129209505,0
1,31,000528.SZ,2019-09-09,1,0.5406499060752415,1
1,32,000538.SZ,2019-09-09,1,0.6482392723685417,1
1,34,000546.SZ,2019-09-09,1,0.44016788847832883,0
1,35,000555.SZ,2020-03-09,1,0.6362375995382346,1
1,38,000625.SZ,2019-09-09,0,0.7925042883599098,1
1,41,0008.HK,2020-09-07,1,0.6754015954642516,1
1,45,000825.SZ,2019-09-09,1,0.5272092765072746,1
1,46,000825.SZ,2020-09-07,0,0.35867072525687355,0
1,54,000967.SZ,2020-03-09,1,0.37393375032694226,0
1,55,000997.SZ,2019-09-09,1,0.7055795297723186,1
1,61,0014.HK,2020-09-07,0,0.48710783052390366,0
1,66,0019.HK,2020-12-07,0,0.2998830102966415,0
1,69,001979.SZ,2019-09-09,1,0.5007115284118928,1
1,72,002016.SZ,2020-03-09,0,0.4396389085479661,0
1,76,002027.SZ,2019-09-09,0,0.3944791228109636,0
1,78,002078.SZ,2019-09-09,1,0.43266955614629127,0
1,81,002168.SZ,2020-09-07,0,0.6544220244263893,1
1,82,002179.SZ,2019-09-09,1,0.6633652082387403,1
1,86,002202.SZ,2019-09-09,1,0.7453325711125851,1
1,91,002243.SZ,2020-09-07,1,0.5567998477468161,1
1,92,002249.SZ,2019-09-09,1,0.7496293112557894,1
1,96,002304.SZ,2019-09-09,1,0.8854484903347588,1
1,101,002371.SZ,2019-09-09,1,0.7336888557039924,1
1,102,002371.SZ,2020-09-07,1,0.9323524171994755,1
1,104,002407.SZ,2019-09-09,1,0.6671193991021145,1
1,105,002415.SZ,2019-09-09,1,0.7999196527639778,1
1,106,002415.SZ,2020-09-07,0,0.8768630576593422,1
1,110,002475.SZ,2020-09-07,1,0.9818294095504769,1
1,113,002482.SZ,2020-09-07,0,0.4383941728567913,0
1,117,002594.SZ,2020-09-07,1,0.8626536097216913,1
1,119,002601.SZ,2019-09-09,1,0.770869859181802,1
1,126,002791.SZ,2020-09-07,1,0.8528622191342345,1
1,127,002815.SZ,2019-09-09,1,0.7506477198139403,1
1,128,002815.SZ,2020-09-07,0,0.5890891539638444,1
1,131,002916.SZ,2019-09-09,1,0.8168025251316671,1
1,132,002916.SZ,2020-09-07,0,0.9428469096890346,1
1,136,0035.HK,2020-09-07,1,0.6007934472316583,1
1,138,003816.SZ,2020-09-07,1,0.23585365152111476,0
1,141,0041.HK,2020-09-07,1,0.35550323564724295,0
1,146,0045.HK,2019-09-09,0,0.1530392598672772,0
1,148,0052.HK,2019-09-09,1,0.30390511757647587,0
1,149,0052.HK,2020-03-09,0,0.17142196378432079,0
1,155,0069.HK,2020-09-07,0,0.21690955709209517,0
1,159,0078.HK,2020-09-07,0,0.22727169443804118,0
1,161,0083.HK,2020-09-07,0,0.4557457650217156,0
1,168,0116.HK,2020-03-09,1,0.3018408712361124,0
1,169,0120.HK,2020-03-09,1,0.41939461898731006,0
1,172,0123.HK,2019-09-09,1,0.5667561032419247,1
1,176,0127.HK,2019-09-09,0,0.2476132222288004,0
1,181,0136.HK,2020-12-07,0,0.9682552429571312,1
1,185,0148.HK,2020-09-07,1,0.6519100984951471,1
1,187,0151.HK,2019-09-09,1,0.5984895821716891,1
1,188,0151.HK,2020-09-07,0,0.27525956622340236,0
1,189,0151.HK,2020-12-07,0,0.5396127665522348,1
1,191,0163.HK,2019-09-09,0,0.26858796589921996,0
1,195,0168.HK,2019-09-09,0,0.36275961560321773,0
1,200,0175.HK,2019-09-09,1,0.6256420173199916,1
1,201,0175.HK,2020-09-07,0,0.171247643153586,0
1,204,0178.HK,2020-03-09,0,0.2812534287116303,0
1,209,0215.HK,2019-09-09,0,0.37076740130035873,0
1,210,0215.HK,2020-09-07,0,0.24629337194626694,0
1,212,0241.HK,2020-12-07,1,0.9648138181376221,1
1,228,0288.HK,2019-09-09,0,0.21219660215622554,0
1,229,0288.HK,2020-09-07,1,0.332385043826589,0
1,241,0302.HK,2020-03-09,1,0.9933997015027947,1
1,243,0308.HK,2020-09-07,0,0.5290027659935292,1
1,248,0315.HK,2020-09-07,0,0.4693105779434874,0
1,252,0316.HK,2019-09-09,0,0.11963265718668756,0
1,256,0317.HK,2020-09-07,0,0.25448042806474935,0
1,258,0321.HK,2020-03-09,0,0.3188948162395534,0
1,267,0330.HK,2019-09-09,0,0.345734556087909,0
1,274,0345.HK,2019-09-09,1,0.2827393026643192,0
1,284,0384.HK,2020-09-07,1,0.7634309470841036,1
1,290,0390.HK,2019-12-09,0,0.36107276851367787,0
1,291,0390.HK,2020-09-07,0,0.29216266106061467,0
1,294,0400.HK,2020-03-09,0,0.31868341011303236,0
1,302,0439.HK,2020-03-09,0,0.2375377633789193,0
1,304,0451.HK,2020-09-07,0,0.2867110185230155,0
1,312,0489.HK,2019-09-09,0,0.6082794663035602,1
1,316,0508.HK,2020-03-09,0,0.29586650856385444,0
1,317,0511.HK,2019-09-09,0,0.3412616676614388,0
1,318,0511.HK,2020-03-09,0,0.40415855702030473,0
1,319,0512.HK,2020-03-09,0,0.46853860270510345,0
1,323,0517.HK,2019-09-09,0,0.15184168806025888,0
1,330,0525.HK,2020-09-07,0,0.28166339521471506,0
1,333,0548.HK,2019-09-09,1,0.2489944885498149,0
1,340,0579.HK,2020-03-09,0,0.36494771185642993,0
1,343,0582.HK,2019-09-09,0,0.10895562908525205,0
1,344,0582.HK,2020-09-07,0,0.36196844332891354,0
1,345,0586.HK,2019-09-09,1,0.48355278841668126,0
1,346,0586.HK,2020-03-09,1,0.4668455780200047,0
1,349,0598.HK,2019-09-09,1,0.3673960141038337,0
1,353,0607.HK,2020-09-07,0,0.21459001703185757,0
1,358,0656.HK,2019-09-09,1,0.6910740021987234,1
1,359,0656.HK,2020-12-07,0,0.535380916813971,1
1,363,0659.HK,2020-09-07,1,0.6212910502700083,1
1,373,0687.HK,2020-09-07,0,0.5423047654815932,1
1,374,0688.HK,2020-12-07,1,0.7898022238623472,1
1,378,0691.HK,2019-09-09,0,0.6651328244765637,1
1,380,0697.HK,2020-03-09,1,0.6477028236275671,1
1,388,0709.HK,2020-09-07,0,0.39084587139710314,0
1,391,0728.HK,2020-12-07,0,0.5449897451601102,1
1,394,0732.HK,2020-09-07,0,0.667969076561688,1
1,397,0737.HK,2019-09-09,0,0.3388423814757838,0
1,400,0751.HK,2020-03-09,0,0.45316024246813286,0
1,406,0762.HK,2020-06-08,1,0.5159933088364264,1
1,407,0762.HK,2020-09-07,0,0.367966493300757,0
1,417,0777.HK,2020-12-07,0,0.6016169974484371,1
1,421,0788.HK,2019-09-09,1,0.7727646737125689,1
1,426,0808.HK,2019-09-09,1,0.4487567747864544,0
1,428,0813.HK,2020-06-08,1,0.868079908280656,1
1,434,0826.HK,2020-03-09,1,0.666021258176955,1
1,437,0836.HK,2020-09-07,1,0.6722191826742279,1
1,441,0860.HK,2020-03-09,0,0.47819882807332653,0
1,461,0914.HK,2020-03-09,1,0.5905226031657314,1
1,467,0921.HK,2019-09-09,1,0.6360041374490397,1
1,470,0931.HK,2020-03-09,0,0.13786782408964582,0
1,475,0941.HK,2019-09-09,0,0.6909488487679268,1
1,477,0950.HK,2020-03-09,0,0.5082314175468675,1
1,478,0951.HK,2020-03-09,0,0.406733817080189,0
1,483,0966.HK,2019-09-09,1,0.8245845481256713,1
1,484,0966.HK,2020-12-07,0,0.6881306316519623,1
1,491,0981.HK,2020-12-07,1,0.9998494147524384,1
1,499,0998.HK,2020-12-07,0,0.690164928858445,1
1,512,1070.HK,2019-09-09,1,0.6315161377191413,1
1,518,1086.HK,2020-03-09,0,0.20773115856993027,0
1,520,1088.HK,2020-09-07,0,0.4748435070077766,0
1,521,1088.HK,2020-12-07,0,0.7761294650352771,1
1,525,1099.HK,2019-09-09,1,0.4689459329267439,0
1,526,1099.HK,2020-09-07,0,0.5009592587702747,1
1,531,1109.HK,2020-03-09,1,0.20532107359729038,0
1,532,1109.HK,2020-09-07,0,0.09305884802752362,0
1,536,1112.HK,2020-09-07,0,0.4665755036871152,0
1,547,1141.HK,2019-09-09,0,0.1648055648624669,0
1,548,1141.HK,2020-09-07,1,0.3289555696410913,0
1,551,1157.HK,2019-09-09,1,0.6916067845305076,1
1,555,1177.HK,2019-12-09,1,0.6629717210143595,1
1,561,1193.HK,2019-12-09,1,0.8291640493277489,1
1,563,1199.HK,2019-09-09,0,0.5766628463077513,1
1,565,1205.HK,2020-09-07,0,0.5233254780030709,1
1,566,1208.HK,2019-09-09,0,0.5017159012391229,1
1,569,1211.HK,2020-09-07,0,0.88120999280634,1
1,578,1268.HK,2020-03-09,1,0.5938942066022301,1
1,579,1268.HK,2020-09-07,1,0.8415153972557622,1
1,588,1282.HK,2020-03-09,1,0.18532953696763313,0
1,589,1286.HK,2020-03-09,1,0.5044378801860218,1
1,590,1286.HK,2020-09-07,0,0.2847490514810928,0
1,594,1299.HK,2019-09-09,1,0.7989290666062053,1
1,601,1316.HK,2020-09-07,0,0.32358332563500686,0
1,604,1336.HK,2020-06-08,0,0.3498354752183155,0
1,608,1339.HK,2019-09-09,1,0.2650064415226275,0
1,609,1339.HK,2020-03-09,0,0.13807421291233143,0
1,616,1359.HK,2019-09-09,0,0.5949441832878832,1
1,617,1361.HK,2020-03-09,0,0.7847991307384319,1
1,631,1475.HK,2020-09-07,1,0.7714897101625174,1
1,639,1515.HK,2019-09-09,0,0.25125310640624365,0
1,646,1528.HK,2019-09-09,1,8.86420823865141e-05,0
1,653,1579.HK,2019-09-09,1,0.8289968447766596,1
1,661,1658.HK,2020-09-07,0,0.21783265849340128,0
1,665,1675.HK,2020-09-07,1,0.8103606812424312,1
1,667,1680.HK,2020-03-09,0,0.36907836911800046,0
1,668,1681.HK,2020-09-07,0,0.4822052602722854,0
1,674,1717.HK,2019-09-09,1,0.7016053946699586,1
1,681,1766.HK,2020-03-09,0,0.4058688899362869,0
1,685,1772.HK,2019-09-09,0,0.3746142901976908,0
1,687,1773.HK,2020-09-07,1,0.7606170793015038,1
1,695,1789.HK,2020-03-09,1,0.809574331561256,1
1,699,1800.HK,2020-06-08,0,0.5151920972272811,1
1,700,1800.HK,2020-09-07,0,0.5598624056682485,1
1,701,1801.HK,2020-09-07,1,0.8465975415131018,1
1,705,1810.HK,2020-09-07,1,0.850582182924017,1
1,710,1817.HK,2020-09-07,1,0.8541346910750074,1
1,715,1836.HK,2020-03-09,1,0.6062271431600734,1
1,721,1873.HK,2020-03-09,1,0.6612062416187702,1
1,722,1876.HK,2020-12-07,1,0.6210190473314708,1
1,725,1881.HK,2020-03-09,1,0.38956850428359385,0
1,730,1905.HK,2020-09-07,0,0.662421326399105,1
1,734,1916.HK,2020-03-09,0,0.2933610582576286,0
1,735,1918.HK,2019-09-09,1,0.9563372998032652,1
1,751,1980.HK,2020-03-09,0,0.22544361580191782,0
1,753,1988.HK,2020-12-07,0,0.6957738499625713,1
1,755,1995.HK,2020-09-07,1,0.8890715675287953,1
1,758,2003.HK,2020-09-07,0,0.5870364717895757,1
1,772,2020.HK,2020-12-07,1,0.6078761187487509,1
1,774,2038.HK,2019-09-09,0,0.8594405345584409,1
1,778,2039.HK,2020-09-07,1,0.47700174856179267,0
1,782,2048.HK,2020-03-09,1,0.14546213773531777,0
1,783,2051.HK,2020-09-07,0,0.42507574913262647,0
1,788,2099.HK,2020-03-09,0,0.28520966601155723,0
1,809,2202.HK,2020-12-07,0,0.7875643402364284,1
1,815,2232.HK,2020-03-09,0,0.11958330246206857,0
1,821,2238.HK,2019-09-09,0,0.39282451196055423,0
1,822,2255.HK,2020-09-07,0,0.34410041947057557,0
1,824,2269.HK,2020-09-07,1,0.810080443334156,1
1,826,2280.HK,2020-09-07,0,0.39277862029153876,0
1,833,2319.HK,2020-06-08,1,0.7871576396970449,1
1,834,2319.HK,2020-09-07,1,0.5005889870474338,1
1,838,2328.HK,2020-09-07,0,0.6370048737743456,1
1,839,2328.HK,2020-12-07,0,0.7616694378808367,1
1,850,2342.HK,2020-09-07,1,0.7566716734149952,1
1,852,2356.HK,2019-09-09,0,0.41296395344530523,0
1,853,2356.HK,2020-09-07,1,0.334800521794344,0
1,856,2362.HK,2020-09-07,0,0.8312796163272504,1
1,860,2382.HK,2020-03-09,1,0.6784737917192042,1
1,881,2500.HK,2020-09-07,1,0.827863644828126,1
1,895,2611.HK,2019-09-09,1,0.3969079686415288,0
1,902,2688.HK,2020-09-07,1,0.575998505636127,1
1,910,2772.HK,2019-12-09,1,0.7770965596783551,1
1,916,2799.HK,2019-09-09,0,0.17234985138110345,0
1,920,2866.HK,2020-03-09,0,0.3748840129019819,0
1,931,2888.HK,2019-09-09,0,0.1927760996345362,0
1,936,300124.SZ,2019-09-09,1,0.6121347140577622,1
1,937,300124.SZ,2020-09-07,1,0.7496653431852928,1
1,939,300274.SZ,2019-09-09,1,0.27205189108001726,0
1,944,300398.SZ,2019-09-09,1,0.4766975511214317,0
1,945,300498.SZ,2019-09-09,1,0.9631021179751039,1
1,946,300602.SZ,2020-03-09,1,0.6986362049010227,1
1,947,300633.SZ,2020-09-07,0,0.7462248548171626,1
1,953,300750.SZ,2019-09-09,1,0.7271738959058878,1
1,956,300760.SZ,2019-09-09,1,0.8119347890170822,1
1,957,300760.SZ,2020-09-07,1,0.8606435688337392,1
1,959,300770.SZ,2020-03-09,1,0.5893417704712083,1
1,966,3301.HK,2019-09-09,1,0.7914923592919663,1
1,971,3319.HK,2020-03-09,1,0.7959552639552554,1
1,977,3323.HK,2019-12-09,0,0.5454111963456012,1
1,980,3329.HK,2020-03-09,0,0.4591005548891294,0
1,983,3331.HK,2020-03-09,1,0.5933425882971184,1
1,985,3333.HK,2020-12-07,1,0.8471647991057952,1
1,991,3377.HK,2020-09-07,0,0.2630504102936142,0
1,994,3382.HK,2020-09-07,0,0.5526793157788107,1
1,996,3396.HK,2019-09-09,1,0.4120462954934513,0
1,1005,3690.HK,2020-09-07,1,0.9753710609472088,1
1,1006,3690.HK,2020-12-07,1,0.9991544802724,1
1,1007,3692.HK,2020-12-07,1,0.8564697055365734,1
1,1012,3759.HK,2020-09-07,1,0.8206264446228869,1
1,1016,3813.HK,2020-09-07,1,0.6730693599282146,1
1,1022,3883.HK,2019-09-09,1,0.8389937270857988,1
1,1032,3933.HK,2020-03-09,0,0.3885477090146271,0
1,1040,3958.HK,2019-09-09,1,0.22821220219670246,0
1,1044,3983.HK,2020-09-07,0,0.46519410825644747,0
1,1046,3988.HK,2019-09-09,1,0.2710495908173837,0
1,1047,3988.HK,2020-09-07,0,0.2021423114414431,0
1,1048,3990.HK,2019-09-09,1,0.8021827644149423,1
1,1052,3998.HK,2019-09-09,1,0.8019943487585302,1
1,1054,600010.SS,2020-03-09,0,0.16128180825276775,0
1,1055,600011.SS,2019-09-09,1,0.49091060042206813,0
1,1056,600011.SS,2020-09-07,0,0.1660093789007082,0
1,1057,600012.SS,2019-09-09,1,0.45477313930403357,0
1,1058,600018.SS,2019-09-09,1,0.8244891373795137,1
1,1062,600020.SS,2019-09-09,1,0.5822503510023008,1
1,1063,600023.SS,2020-09-07,0,0.3171513124258125,0
1,1064,600025.SS,2019-09-09,1,0.6269487682541236,1
1,1066,600026.SS,2019-09-09,1,0.7010168568584677,1
1,1069,600028.SS,2020-09-07,1,0.6822384961772595,1
1,1071,600029.SS,2019-09-09,0,0.712492191596653,1
1,1075,600031.SS,2019-09-09,1,0.8965989144662612,1
1,1076,600031.SS,2020-09-07,1,0.7632127818700325,1
1,1079,600050.SS,2020-09-07,0,0.2935264621011721,0
1,1080,600089.SS,2019-09-09,1,0.8772446993839925,1
1,1081,600089.SS,2020-09-07,0,0.7931032767888897,1
1,1086,600114.SS,2019-09-09,1,0.3731627332073222,0
1,1088,600115.SS,2019-09-09,1,0.8184514423940212,1
1,1090,600118.SS,2020-09-07,0,0.7504426551230714,1
1,1091,600143.SS,2020-09-07,1,0.6801138354829601,1
1,1093,600171.SS,2019-09-09,1,0.21027658319418183,0
1,1094,600183.SS,2019-09-09,1,0.7060654020898058,1
1,1095,600183.SS,2020-09-07,1,0.9016226924919971,1
1,1097,600188.SS,2019-09-09,1,0.4631646555641129,0
1,1098,600188.SS,2020-09-07,1,0.21053409115347646,0
1,1102,600196.SS,2019-09-09,1,0.3601023615843859,0
1,1104,600216.SS,2019-09-09,1,0.4346192747946263,0
1,1105,600221.SS,2019-09-09,0,0.47721920918484617,0
1,1108,600271.SS,2019-09-09,1,0.4823921108617534,0
1,1110,600276.SS,2019-09-09,1,0.793953985657578,1
1,1111,600276.SS,2020-09-07,1,0.6580280452729418,1
1,1112,600282.SS,2019-09-09,1,0.5023764567734517,1
1,1114,600323.SS,2019-09-09,1,0.619227009299726,1
1,1115,600332.SS,2019-09-09,1,0.7259173582047656,1
1,1116,600337.SS,2019-09-09,1,0.5805607613503037,1
1,1118,600346.SS,2019-09-09,1,0.7978049733804914,1
1,1119,600346.SS,2020-09-07,1,0.3717949174739194,0
1,1122,600362.SS,2020-09-07,0,0.4868962329550877,0
1,1123,600377.SS,2019-09-09,1,0.45844248317432423,0
1,1125,600380.SS,2019-09-09,1,0.5240442586787584,1
1,1127,600406.SS,2019-09-09,1,0.8509400758583915,1
1,1131,600499.SS,2020-03-09,0,0.2529586060671023,0
1,1132,600525.SS,2019-09-09,1,0.37574179983819433,0
1,1136,600580.SS,2019-09-09,1,0.6495003700771859,1
1,1138,600585.SS,2020-09-07,1,0.9255674543830187,1
1,1139,600588.SS,2019-09-09,1,0.8371929571246667,1
1,1142,600600.SS,2019-09-09,1,0.6454901902961238,1
1,1146,600606.SS,2020-09-07,1,0.24911624647915712,0
1,1150,600648.SS,2019-09-09,1,0.8844687851901352,1
1,1153,600688.SS,2020-09-07,0,0.3203442378596505,0
1,1158,600750.SS,2019-09-09,1,0.48884406505397304,0
1,1159,600775.SS,2019-09-09,1,0.23312633084713905,0
1,1160,600795.SS,2020-09-07,0,0.2953229653375582,0
1,1162,600808.SS,2019-09-09,1,0.4975699977774554,0
1,1163,600860.SS,2019-09-09,1,0.6785881897505174,1
1,1164,600871.SS,2019-09-09,1,0.8310605036113439,1
1,1165,600874.SS,2019-09-09,1,0.556641496081444,1
1,1167,600875.SS,2019-09-09,1,0.8151000716142166,1
1,1170,600887.SS,2019-09-09,1,0.835189157536679,1
1,1171,600887.SS,2020-09-07,0,0.515129720383388,1
1,1177,600958.SS,2019-09-09,1,0.6066514854622067,1
1,1183,601012.SS,2019-09-09,1,0.7219277284024475,1
1,1187,601018.SS,2019-09-09,0,0.6216408397314104,1
1,1188,601066.SS,2019-09-09,1,0.9776612928506088,1
1,1191,601088.SS,2019-09-09,1,0.5809415978547883,1
1,1193,601111.SS,2020-09-07,0,0.5057823090508895,1
1,1196,601138.SS,2019-09-09,1,0.8564223426021081,1
1,1197,601155.SS,2019-09-09,1,0.8591235966668771,1
1,1199,601166.SS,2019-09-09,1,0.9239828767832569,1
1,1201,601186.SS,2019-09-09,1,0.5692541402311957,1
1,1202,601186.SS,2020-09-07,0,0.27074351986026074,0
1,1203,601200.SS,2019-09-09,1,0.4400911901734651,0
1,1206,601211.SS,2019-09-09,1,0.4091566975270135,0
1,1214,601231.SS,2019-09-09,1,0.817510555706333,1
1,1215,601231.SS,2020-09-07,1,0.7703227944487171,1
1,1221,601319.SS,2019-09-09,1,0.922737216999335,1
1,1223,601326.SS,2019-09-09,1,0.6512453086877187,1
1,1224,601328.SS,2019-09-09,0,0.8633547603086429,1
1,1225,601330.SS,2019-09-09,1,0.3835032680013457,0
1,1228,601360.SS,2019-09-09,1,0.4072825107505708,0
1,1229,601360.SS,2020-03-09,0,0.35597690034331536,0
1,1231,601390.SS,2020-03-09,0,0.3567076013659819,0
1,1232,601398.SS,2019-09-09,0,0.8776106115930025,1
1,1234,601600.SS,2019-09-09,1,0.3381851525382599,0
1,1237,601601.SS,2019-09-09,1,0.8983580307771015,1
1,1238,601601.SS,2020-09-07,0,0.44521185406125713,0
1,1239,601607.SS,2019-09-09,1,0.6027729157740621,1
1,1240,601607.SS,2020-09-07,0,0.7723566763499236,1
1,1243,601618.SS,2019-09-09,1,0.6782840558447761,1
1,1244,601618.SS,2020-09-07,0,0.30771996097853366,0
1,1248,601658.SS,2020-09-07,1,0.4908028396015421,0
1,1250,601688.SS,2019-09-09,1,0.8898825197742113,1
1,1251,601698.SS,2020-09-07,1,0.8848435944301106,1
1,1252,601717.SS,2019-09-09,1,0.37741099677288975,0
1,1255,601727.SS,2020-09-07,1,0.5196414025143905,1
1,1258,601788.SS,2019-09-09,1,0.7815078647547274,1
1,1261,601808.SS,2019-09-09,1,0.8493310253442394,1
1,1264,601811.SS,2019-09-09,1,0.7544000173702444,1
1,1265,601816.SS,2020-09-07,1,0.6258430612952379,1
1,1268,601818.SS,2019-09-09,1,0.4954483722284676,0
1,1269,601828.SS,2019-09-09,1,0.41145573879496805,0
1,1271,601866.SS,2019-09-09,1,0.7182533908736615,1
1,1274,601881.SS,2019-09-09,1,0.8041824262304039,1
1,1275,601888.SS,2019-09-09,1,0.7546657181560713,1
1,1280,601898.SS,2020-09-07,0,0.21296481942422543,0
1,1281,601899.SS,2019-09-09,1,0.4453931205944479,0
1,1284,601916.SS,2020-09-07,1,0.4249829910314597,0
1,1288,601939.SS,2019-09-09,1,0.6303077824783518,1
1,1293,601991.SS,2019-09-09,1,0.6994466429853663,1
1,1294,601991.SS,2020-09-07,0,0.19557726996535743,0
1,1295,601992.SS,2019-09-09,1,0.5740576044744216,1
1,1297,6030.HK,2020-09-07,0,0.7755663759172551,1
1,1298,603019.SS,2019-09-09,1,0.77695343196185,1
1,1299,603019.SS,2020-09-07,1,0.7998336667997938,1
1,1301,603259.SS,2020-09-07,1,0.887163023666747,1
1,1302,603288.SS,2020-03-09,1,0.6675683901774526,1
1,1303,603288.SS,2020-09-07,1,0.713088745330253,1
1,1305,603337.SS,2019-09-09,1,0.5905132328491473,1
1,1308,603588.SS,2019-09-09,1,0.6065361939436313,1
1,1309,603595.SS,2019-09-09,1,0.431902197346738,0
1,1310,603659.SS,2019-09-09,1,0.4834317526506936,0
1,1311,603680.SS,2019-09-09,1,0.3588227853546766,0
1,1312,603737.SS,2019-09-09,1,0.7322491627958113,1
1,1313,603773.SS,2019-09-09,1,0.31465519584708146,0
1,1314,603898.SS,2020-03-09,0,0.28097252416236645,0
1,1315,603983.SS,2020-03-09,1,0.746079131193602,1
1,1318,603993.SS,2019-09-09,1,0.179377077348563,0
1,1320,6055.HK,2020-03-09,1,0.6455402802438667,1
1,1325,6066.HK,2019-09-09,1,0.6850951738543641,1
1,1326,6069.HK,2020-03-09,1,0.6484566671180548,1
1,1337,6099.HK,2019-09-09,0,0.5389304172249622,1
1,1338,6099.HK,2020-09-07,1,0.37099175632556874,0
1,1339,6100.HK,2020-03-09,0,0.2517195534795897,0
1,1342,6110.HK,2020-03-09,1,0.6519465269272414,1
1,1344,6160.HK,2020-09-07,1,0.7526215982466061,1
1,1348,6178.HK,2019-09-09,1,0.404063431787175,0
1,1349,6185.HK,2020-09-07,1,0.9772099491593063,1
1,1352,6186.HK,2020-12-07,1,0.9113973067017782,1
1,1368,6806.HK,2019-09-09,1,0.6929145659837401,1
1,1374,6828.HK,2020-03-09,0,0.1686538239072826,0
1,1375,6855.HK,2020-09-07,1,0.6696502741675973,1
1,1377,6862.HK,2020-12-07,1,0.883681393269011,1
1,1380,6865.HK,2019-09-09,1,0.8534057271744954,1
1,1393,6886.HK,2019-09-09,0,0.8057829305364244,1
1,1394,6889.HK,2020-03-09,0,0.4431617751746618,0
1,1395,6889.HK,2020-09-07,1,0.5405484295818204,1
1,1407,87001.HK,2020-03-09,0,0.39551341105272925,0
1,1408,9618.HK,2020-12-07,1,0.9556660760336965,1
1,1417,9668.HK,2020-12-07,1,0.7147975358349125,1
1,1442,9909.HK,2020-09-07,1,0.887922038018163,1
1,1443,9922.HK,2020-09-07,1,0.8115823922194102,1
1,1445,9926.HK,2020-09-07,1,0.957609099645361,1
1,1447,9928.HK,2020-09-07,1,0.8529726208715738,1
1,1456,9966.HK,2020-09-07,1,0.8401783813243533,1
1,1459,9968.HK,2020-09-07,1,0.5958571235784775,1
1,1460,9969.HK,2020-09-07,1,0.8347251402405625,1
1,1464,9988.HK,2020-09-07,1,0.9946658106504251,1
1,1465,9990.HK,2020-12-07,1,0.97319029390733,1
1,1473,9999.HK,2020-12-07,1,0.9397045934376823,1
2,6,000025.SZ,2021-09-06,0,0.16361912293083156,0
2,16,000063.SZ,2021-09-06,1,0.11068354670326928,0
2,19,000070.SZ,2021-09-06,0,0.09549715693732837,0
2,24,0002.HK,2021-09-06,1,0.4373603383174331,0
2,33,000539.SZ,2021-09-06,1,0.5176489740207648,1
2,39,000725.SZ,2021-09-06,0,0.1792107966517167,0
2,42,0008.HK,2021-09-06,0,0.34132588126095803,0
2,58,0010.HK,2021-09-06,0,0.23323484022970478,0
2,62,0014.HK,2021-09-06,0,0.6262311343654243,1
2,67,0019.HK,2021-09-06,0,0.8328844787590707,1
2,70,001979.SZ,2021-09-06,1,0.08053176630544456,0
2,74,002024.SZ,2021-09-06,0,0.2681628837565593,0
2,77,002047.SZ,2021-03-15,0,0.13554554481077036,0
2,79,002163.SZ,2021-09-06,1,0.44262712178516406,0
2,87,002240.SZ,2021-09-06,1,0.7307915709986927,1
2,93,002292.SZ,2021-09-06,0,0.1312315876083685,0
2,95,002303.SZ,2021-03-15,0,0.21598333433208536,0
2,97,002304.SZ,2021-09-06,0,0.6960369889637045,1
2,98,002351.SZ,2021-03-15,1,0.2787477102195245,0
2,107,002421.SZ,2021-09-06,0,0.34461761930229295,0
2,109,002460.SZ,2021-09-06,1,0.9954545262774868,1
2,111,002475.SZ,2021-03-15,1,0.9612261021861415,1
2,112,002475.SZ,2021-09-06,1,0.6008031539097611,1
2,114,002493.SZ,2021-09-06,1,0.5859608153913254,1
2,118,002600.SZ,2021-09-06,0,0.188709966341659,0
2,120,002601.SZ,2021-09-06,1,0.6159870995587885,1
2,121,002611.SZ,2021-03-15,0,0.317870606964034,0
2,123,002714.SZ,2021-09-06,1,0.9165156683244624,1
2,124,002717.SZ,2021-03-15,0,0.11184317965377752,0
2,129,002850.SZ,2021-03-15,1,0.7370071911935833,1
2,133,002967.SZ,2021-03-15,1,0.4824384370214975,0
2,135,003012.SZ,2021-09-06,1,0.7625612812158107,1
2,137,0035.HK,2021-03-15,0,0.07442149766333767,0
2,142,0041.HK,2021-03-15,0,0.2226719357616099,0
2,150,0059.HK,2021-03-15,0,0.27969415454411073,0
2,152,0066.HK,2021-09-06,1,0.616091218660468,1
2,156,0069.HK,2021-09-06,1,0.5059701619279748,1
2,170,0120.HK,2021-03-15,0,0.69945871974605,1
2,186,0148.HK,2021-09-06,0,0.7957057485032086,1
2,202,0175.HK,2021-09-06,1,0.14095001135810167,0
2,205,0178.HK,2021-03-15,0,0.3278382763899575,0
2,213,0241.HK,2021-03-15,1,0.5175197998489893,1
2,214,0241.HK,2022-12-05,0,0.11725559922339596,0
2,218,0257.HK,2021-09-06,0,0.727375309696491,1
2,220,0267.HK,2021-03-15,0,0.07365405839973169,0
2,224,0270.HK,2021-06-07,0,0.3601330907434644,0
2,230,0288.HK,2021-09-06,1,0.1409748793250643,0
2,233,0291.HK,2021-12-06,1,0.3993496170621454,0
2,236,0293.HK,2021-09-06,0,0.6979755344366156,1
2,249,0315.HK,2021-09-06,0,0.6157834161410145,1
2,253,0316.HK,2022-06-13,1,0.5569273204463855,1
2,260,0322.HK,2022-12-05,1,0.3191445553696959,0
2,263,0323.HK,2021-03-15,0,0.07938114220288112,0
2,265,0327.HK,2021-03-15,0,0.7190002017555496,1
2,275,0345.HK,2021-09-06,0,0.061447699570661096,0
2,279,0347.HK,2021-03-15,0,0.20497669977944355,0
2,285,0384.HK,2021-09-06,0,0.6507540116983364,1
2,286,0384.HK,2022-12-05,0,0.07290648677030973,0
2,303,0440.HK,2021-03-15,0,0.1252000545393503,0
2,307,0467.HK,2021-03-15,0,0.30857047583033403,0
2,308,0468.HK,2021-03-15,0,0.5144895202268038,1
2,314,0496.HK,2021-03-15,0,0.04255096704942115,0
2,325,0522.HK,2021-09-06,1,0.7085240186580093,1
2,326,0522.HK,2022-06-13,0,0.03909724912830714,0
2,334,0548.HK,2021-09-06,0,0.20127721306983723,0
2,335,0551.HK,2021-09-06,1,0.6442762866485718,1
2,338,0563.HK,2021-03-15,0,0.34755842155459765,0
2,347,0586.HK,2021-03-15,0,0.17655685495850673,0
2,350,0598.HK,2021-03-15,0,0.48423968403142253,0
2,360,0656.HK,2021-09-06,1,0.5565554773828422,1
2,364,0659.HK,2021-09-06,0,0.48871093765742935,0
2,367,0669.HK,2021-09-06,1,0.7067067729118515,1
2,370,0683.HK,2021-09-06,0,0.5987208769766565,1
2,372,0686.HK,2021-03-15,0,0.5880668364558438,1
2,375,0688.HK,2021-09-06,0,0.2598859865696794,0
2,385,0698.HK,2021-03-15,0,0.050223688188541775,0
2,392,0728.HK,2021-03-15,0,0.33398151317589525,0
2,408,0762.HK,2021-06-07,0,0.06516965505693556,0
2,412,0763.HK,2021-06-07,0,0.22112407914848647,0
2,414,0775.HK,2021-03-15,1,0.42428177117606136,0
2,422,0788.HK,2021-06-07,0,0.05549750541870855,0
2,423,0788.HK,2021-09-06,0,0.0753062419365954,0
2,424,0806.HK,2021-03-15,0,0.1506499928296187,0
2,427,0808.HK,2021-03-15,0,0.1158745167614629,0
2,429,0813.HK,2021-09-06,0,0.15838958827534053,0
2,439,0857.HK,2021-03-15,0,0.06861989845560146,0
2,440,0857.HK,2022-12-05,1,0.44551862679674087,0
2,443,0868.HK,2021-09-06,1,0.7722704666647577,1
2,444,0873.HK,2021-03-15,1,0.7683947378443354,1
2,445,0874.HK,2021-09-06,0,0.5435514113248646,1
2,446,0881.HK,2022-06-13,1,0.33382905612855,0
2,447,0881.HK,2022-12-05,1,0.2927803030746681,0
2,451,0884.HK,2021-09-06,1,0.5113643063669404,1
2,455,0895.HK,2021-09-06,0,0.4197892771105657,0
2,458,0909.HK,2021-03-15,1,0.839645875827798,1
2,462,0914.HK,2021-09-06,0,0.3348929883290012,0
2,476,0941.HK,2021-09-06,1,0.6030079504327369,1
2,480,0960.HK,2021-03-15,1,0.3005824233205893,0
2,486,0968.HK,2021-06-07,1,0.7737128836593342,1
2,489,0978.HK,2021-09-06,0,0.38495677149810015,0
2,492,0981.HK,2022-06-13,1,0.03543366806165317,0
2,497,0992.HK,2022-06-13,1,0.4827776494553149,0
2,500,0998.HK,2021-09-06,0,0.6322764478927653,1
2,501,1024.HK,2021-09-06,1,0.7934725640562594,1
2,507,1044.HK,2021-03-15,0,0.2119905302591307,0
2,509,1052.HK,2021-09-06,0,0.3379966411218068,0
2,515,1071.HK,2021-03-15,0,0.13513619625095438,0
2,533,1109.HK,2021-03-15,0,0.07099728471417933,0
2,534,1109.HK,2021-09-06,1,0.06985710905901901,0
2,538,1113.HK,2021-09-06,1,0.7976205601712425,1
2,540,1119.HK,2021-09-06,0,0.45711903862456316,0
2,542,1137.HK,2021-09-06,1,0.5061375293723237,1
2,545,1138.HK,2021-09-06,0,0.10260520124282721,0
2,562,1193.HK,2021-03-15,0,0.20892135070909745,0
2,567,1209.HK,2022-12-05,1,0.47572167070453053,0
2,570,1211.HK,2021-06-07,1,0.999867275294585,1
2,571,1211.HK,2021-09-06,1,0.5026492936499031,1
2,583,1269.HK,2021-03-15,0,0.10670138701235511,0
2,592,1293.HK,2021-03-15,0,0.43926043729407166,0
2,610,1339.HK,2021-09-06,0,0.10412217945709573,0
2,613,1347.HK,2021-09-06,1,0.6909616098780326,1
2,619,1378.HK,2022-06-13,1,0.1569890897604711,0
2,621,1383.HK,2021-03-15,0,0.24128370004755992,0
2,622,1383.HK,2021-09-06,0,0.23446492153226778,0
2,632,1477.HK,2021-03-15,1,0.3634631087422943,0
2,633,1478.HK,2021-03-15,0,0.14046568395412773,0
2,635,1508.HK,2021-09-06,0,0.17907652413021138,0
2,647,1528.HK,2021-03-15,0,0.07433855350240084,0
2,652,1569.HK,2021-09-06,0,0.6024254068929932,1
2,656,1618.HK,2021-03-15,0,0.31588908484557604,0
2,662,1666.HK,2021-03-15,0,0.21374314195763425,0
2,663,1668.HK,2021-03-15,0,0.1899295300302151,0
2,677,1728.HK,2021-03-15,0,0.045849650473264926,0
2,679,1755.HK,2021-03-15,1,0.5239044691693804,1
2,682,1766.HK,2021-03-15,0,0.1561072892380271,0
2,683,1769.HK,2021-03-15,1,0.752388994050325,1
2,686,1772.HK,2021-03-15,1,0.6583120789658883,1
2,692,1778.HK,2021-09-06,0,0.41426652031214156,0
2,696,1797.HK,2021-09-06,0,0.0875247839658339,0
2,702,1801.HK,2021-12-06,1,0.7042020389724919,1
2,703,1801.HK,2022-12-05,0,0.2236875932111157,0
2,706,1810.HK,2021-03-15,1,0.9830574939841538,1
2,711,1817.HK,2021-09-06,0,0.6439689718318448,1
2,717,1848.HK,2021-09-06,0,0.5114134141344938,1
2,723,1877.HK,2021-03-15,1,0.6465743894863245,1
2,726,1881.HK,2021-03-15,0,0.09807672234729464,0
2,729,1896.HK,2021-03-15,0,0.0852686847160322,0
2,731,1908.HK,2021-09-06,0,0.6566645062775747,1
2,738,1929.HK,2021-09-06,1,0.8357398639606615,1
2,743,1952.HK,2021-03-15,1,0.7963455837404144,1
2,750,1970.HK,2021-03-15,0,0.15432069349836816,0
2,752,1981.HK,2021-03-15,1,0.5115296335669935,1
2,754,1988.HK,2021-09-06,0,0.4041451412881918,0
2,757,1999.HK,2021-03-15,1,0.653424093517973,1
2,763,2007.HK,2021-03-15,0,0.05056396303444399,0
2,764,2009.HK,2021-03-15,0,0.1639388001665319,0
2,765,2015.HK,2022-12-05,1,0.9513985251440741,1
2,769,2018.HK,2022-06-13,0,0.12690850036105356,0
2,786,2096.HK,2021-03-15,1,0.7494536284859955,1
2,791,2126.HK,2021-03-15,1,0.979261754263634,1
2,793,2137.HK,2021-12-06,1,0.9385574527760303,1
2,798,2158.HK,2021-06-07,1,0.932000779573939,1
2,799,2160.HK,2021-06-07,1,0.9522988333895804,1
2,804,2192.HK,2021-12-06,1,0.8983369840115942,1
2,842,2329.HK,2021-09-06,0,0.42105089399360934,0
2,845,2331.HK,2021-09-06,1,0.7161669648778995,1
2,857,2362.HK,2021-09-06,1,0.9104271845524101,1
2,861,2382.HK,2021-09-06,1,0.4978410049215223,0
2,862,2386.HK,2021-09-06,0,0.7308566936227773,1
2,865,2400.HK,2021-03-15,0,0.361795943422964,0
2,896,2616.HK,2021-09-06,1,0.7107388860457459,1
2,903,2688.HK,2021-12-06,1,0.19597461232807015,0
2,905,2689.HK,2021-09-06,1,0.6662074605896176,1
2,911,2778.HK,2021-09-06,0,0.6785557852874379,1
2,913,2798.HK,2021-03-15,1,0.8775639380519866,1
2,918,2858.HK,2021-03-15,0,0.14709235723528102,0
2,923,2877.HK,2021-09-06,0,0.5921251980615869,1
2,934,300083.SZ,2021-09-06,1,0.6589278661319213,1
2,938,300124.SZ,2021-09-06,0,0.7266178882041429,1
2,940,300274.SZ,2021-09-06,1,0.9705578591836159,1
2,942,300348.SZ,2021-03-15,1,0.6869028656788188,1
2,943,300377.SZ,2021-09-06,0,0.23891358259739762,0
2,949,300676.SZ,2021-09-06,0,0.39054093780304233,0
2,951,300737.SZ,2021-03-15,1,0.38979430915365504,0
2,954,300750.SZ,2021-03-15,1,0.9892809272030701,1
2,958,300760.SZ,2021-09-06,1,0.7009168274738495,1
2,960,300832.SZ,2021-09-06,1,0.4318244788298522,0
2,961,300888.SZ,2021-09-06,1,0.4078587990731531,0
2,963,300999.SZ,2021-03-15,1,0.998376708732839,1
2,964,300999.SZ,2021-09-06,1,0.5158373894172021,1
2,967,3306.HK,2021-03-15,0,0.5422977144007711,1
2,970,3311.HK,2021-09-06,0,0.6341841324423173,1
2,979,3328.HK,2021-09-06,0,0.5206161539013058,1
2,986,3333.HK,2021-03-15,0,0.10770131594227254,0
2,987,3333.HK,2021-12-06,0,0.10386043224368352,0
2,988,3347.HK,2021-03-15,1,0.7085786470151159,1
2,993,3380.HK,2021-09-06,1,0.6105137434285428,1
2,998,3613.HK,2021-09-06,0,0.7108854387493426,1
2,1008,3692.HK,2022-06-13,0,0.08428188876626351,0
2,1011,3738.HK,2021-09-06,1,0.8210718363685403,1
2,1019,3836.HK,2021-09-06,0,0.6603813781033312,1
2,1029,3913.HK,2021-03-15,1,0.8276572041457247,1
2,1041,3958.HK,2021-09-06,0,0.04560023636435297,0
2,1043,3968.HK,2021-09-06,1,0.6663659712276421,1
2,1059,600018.SS,2021-09-06,0,0.3684754148785694,0
2,1072,600029.SS,2021-09-06,0,0.7051588390731516,1
2,1083,600104.SS,2021-09-06,0,0.48183119202331176,0
2,1089,600115.SS,2021-09-06,0,0.258903264258071,0
2,1096,600183.SS,2021-09-06,0,0.18815559311771912,0
2,1099,600188.SS,2021-09-06,0,0.5956926151730068,1
2,1117,600340.SS,2021-09-06,0,0.1877849014874587,0
2,1124,600377.SS,2021-09-06,0,0.5127749879366563,1
2,1126,600383.SS,2021-09-06,0,0.4796150340064427,0
2,1140,600588.SS,2021-09-06,1,0.3867773803459266,0
2,1147,600606.SS,2021-09-06,0,0.04068995103683161,0
2,1154,600690.SS,2021-09-06,1,0.8756802928764886,1
2,1155,600703.SS,2021-09-06,0,0.7267966604762669,1
2,1161,600795.SS,2021-09-06,0,0.5956372295851108,1
2,1168,600886.SS,2021-09-06,0,0.7399072942597067,1
2,1178,600958.SS,2021-09-06,1,0.08919306739833381,0
2,1181,601006.SS,2021-09-06,0,0.5498882735850783,1
2,1184,601012.SS,2021-09-06,1,0.9918728715902159,1
2,1189,601066.SS,2021-09-06,1,0.16838907073949086,0
2,1192,601088.SS,2021-09-06,1,0.7050305988183635,1
2,1194,601111.SS,2021-09-06,0,0.7866553302870692,1
2,1230,601360.SS,2021-09-06,0,0.06478607650652984,0
2,1241,601607.SS,2021-09-06,0,0.3765029050946357,0
2,1249,601668.SS,2021-03-15,0,0.08822414091367015,0
2,1256,601727.SS,2021-09-06,0,0.2349447721966722,0
2,1262,601808.SS,2021-09-06,1,0.5055589747909726,1
2,1266,601816.SS,2021-09-06,0,0.2866689623730416,0
2,1270,601857.SS,2022-12-05,0,0.48448415463498096,0
2,1276,601888.SS,2021-03-15,1,0.9341804385563486,1
2,1277,601888.SS,2021-09-06,1,0.9555176624272047,1
2,1286,601919.SS,2021-09-06,1,0.9563460029832489,1
2,1291,601988.SS,2021-09-06,0,0.36888717635365303,0
2,1300,603019.SS,2021-09-06,0,0.10093160337278746,0
2,1306,603501.SS,2021-09-06,1,0.9357921158275918,1
2,1321,6055.HK,2021-09-06,0,0.3341790077078222,0
2,1330,6088.HK,2021-06-07,0,0.16620698775340323,0
2,1331,6098.HK,2021-03-15,1,0.7709785666151996,1
2,1332,6098.HK,2021-06-07,1,0.7065666941246506,1
2,1333,6098.HK,2021-09-06,1,0.4595231625220485,0
2,1340,6100.HK,2021-03-15,1,0.643016937809845,1
2,1353,6601.HK,2021-09-06,1,0.6601996543009898,1
2,1354,6608.HK,2021-09-06,1,0.7275689223140411,1
2,1356,6618.HK,2021-09-06,1,0.4761777054822175,0
2,1361,6666.HK,2021-06-07,1,0.7861164272964279,1
2,1366,6690.HK,2022-12-05,1,0.5763358980879235,1
2,1369,6806.HK,2021-09-06,0,0.1823063463957602,0
2,1371,6818.HK,2021-03-15,0,0.3406943274956767,0
2,1378,6862.HK,2021-03-15,1,0.49227402048007385,0
2,1381,6865.HK,2021-09-06,1,0.44286357454458825,0
2,1383,6869.HK,2021-09-06,0,0.08796871909343307,0
2,1396,6889.HK,2021-03-15,0,0.19363514138135474,0
2,1397,688981.SS,2021-09-06,1,0.5765181271204397,1
2,1401,6969.HK,2021-09-06,1,0.5417658338338744,1
2,1403,6988.HK,2021-03-15,1,0.8374570959763757,1
2,1404,6989.HK,2021-03-15,1,0.7369596735938502,1
2,1409,9618.HK,2021-03-15,1,0.96680255500388,1
2,1410,9618.HK,2021-12-06,1,0.3896920284049111,0
2,1411,9626.HK,2022-12-05,0,0.4482773702133312,0
2,1412,9633.HK,2021-03-15,1,0.74224989318577,1
2,1418,9668.HK,2021-03-15,0,0.3088500747083185,0
2,1422,9698.HK,2021-03-15,1,0.9225143887349393,1
2,1434,9888.HK,2021-09-06,1,0.7694075050215501,1
2,1444,9923.HK,2021-03-15,1,0.45967471620445893,0
2,1449,9939.HK,2021-09-06,1,0.9965165897353051,1
2,1453,9959.HK,2021-09-06,1,0.8069636764555232,1
2,1455,9961.HK,2021-09-06,1,0.8233091817431051,1
2,1466,9990.HK,2021-06-07,0,0.26644112529828357,0
2,1467,9991.HK,2021-03-15,1,0.7092367088331738,1
2,1468,9993.HK,2021-03-15,1,0.6108205815453592,1
2,1469,9995.HK,2021-03-15,1,0.9386672411117555,1
2,1474,9999.HK,2021-03-15,1,0.5020410157815859,1
2,1475,9999.HK,2021-12-06,1,0.6511047870299768,1
3,12,000060.SZ,2024-09-09,1,0.3103983386661082,0
3,20,000078.SZ,2024-03-04,0,0.2126281280459618,0
3,26,000333.SZ,2024-03-04,1,0.5431744939329249,1
3,36,000568.SZ,2024-09-09,1,0.8939194017901017,1
3,40,000776.SZ,2024-09-09,0,0.564323886492786,1
3,43,0008.HK,2024-09-09,1,0.5744940530684016,1
3,51,000893.SZ,2024-03-04,0,0.48575215850430575,0
3,52,000893.SZ,2024-09-09,1,0.4409346746498175,0
3,59,0010.HK,2024-09-09,1,0.071226705732094,0
3,60,001323.SZ,2024-03-04,1,0.3096278345489596,0
3,63,0016.HK,2024-09-09,1,0.6818532938888734,1
3,64,0017.HK,2024-09-09,0,0.1981449387044555,0
3,65,0017.HK,2024-12-09,0,0.1918208668469321,0
3,71,0020.HK,2024-09-09,0,8.665191282866938e-08,0
3,80,002163.SZ,2024-03-04,0,0.12784057173970362,0
3,83,002179.SZ,2024-09-09,0,0.5487080889592059,1
3,84,002191.SZ,2024-09-09,0,0.2438250347693152,0
3,108,002429.SZ,2024-09-09,0,0.44697395056198985,0
3,115,002493.SZ,2024-09-09,0,0.3147765454075993,0
3,122,002670.SZ,2024-03-04,0,0.6394464192715085,1
3,130,0029.HK,2024-09-09,0,0.6948534594366217,1
3,134,002967.SZ,2024-09-09,0,0.4391676156998615,0
3,143,0041.HK,2025-03-10,1,0.2671453711789502,0
3,147,0048.HK,2024-09-09,1,0.8612702712994431,1
3,157,0069.HK,2024-09-09,0,0.12260525221689718,0
3,165,0095.HK,2025-03-10,0,0.868065330509637,1
3,166,0104.HK,2024-09-09,0,0.8744874411665007,1
3,167,0115.HK,2024-09-09,0,0.7942013900998026,1
3,171,0120.HK,2024-09-09,0,0.07973360265509298,0
3,173,0123.HK,2024-09-09,1,0.06780144119961642,0
3,174,0124.HK,2024-09-09,1,0.6526652194840498,1
3,184,0144.HK,2024-09-09,1,0.32880638198131146,0
3,192,0165.HK,2024-09-09,0,0.26480122507629805,0
3,197,0173.HK,2024-09-09,1,0.09868765226306325,0
3,208,0200.HK,2024-09-09,0,0.37605611656798077,0
3,211,0215.HK,2024-09-09,0,0.2042953029246167,0
3,221,0267.HK,2024-09-09,1,0.13552431612456045,0
3,225,0285.HK,2024-06-11,1,0.712061351690696,1
3,239,0300.HK,2024-12-09,1,0.6668751455848171,1
3,242,0302.HK,2024-09-09,0,0.09999987998773721,0
3,244,0308.HK,2025-03-10,1,0.3958078818220782,0
3,245,0314.HK,2024-06-11,0,0.026302903123072787,0
3,246,0314.HK,2024-09-09,0,0.06307523931751768,0
3,257,0317.HK,2024-09-09,1,0.40661383684502933,0
3,268,0333.HK,2024-09-09,1,0.8345247484980421,1
3,269,0336.HK,2024-03-04,0,0.12724571486405045,0
3,271,0338.HK,2025-03-10,0,0.320034556485469,0
3,276,0345.HK,2024-09-09,0,0.012705829528768543,0
3,280,0347.HK,2024-09-09,1,0.3250127939788469,0
3,282,0380.HK,2024-09-09,0,0.9227378350940061,1
3,287,0384.HK,2024-09-09,1,0.0899993258748523,0
3,297,0410.HK,2025-03-10,0,0.6230421580110774,1
3,300,0412.HK,2024-03-04,1,0.28005343921737613,0
3,313,0489.HK,2024-09-09,0,0.42528711857707885,0
3,320,0512.HK,2024-03-04,0,0.36630056888080814,0
3,321,0512.HK,2024-12-09,1,0.5314354233041741,1
3,324,0520.HK,2024-09-09,0,0.12754620692613702,0
3,327,0522.HK,2024-09-09,1,0.27301456406068597,0
3,337,0558.HK,2024-09-09,0,0.07867083247078888,0
3,339,0567.HK,2024-09-09,1,0.708580600249333,1
3,348,0588.HK,2024-09-09,0,0.648558380243856,1
3,351,0598.HK,2024-09-09,1,0.3982931999731973,0
3,356,0650.HK,2024-09-09,0,0.16756341577097789,0
3,357,0655.HK,2024-09-09,1,0.623761140652195,1
3,361,0656.HK,2024-09-09,0,0.1285257771737445,0
3,365,0659.HK,2025-03-10,0,0.18688003536795955,0
3,371,0683.HK,2024-09-09,0,0.3225894416052959,0
3,376,0688.HK,2024-09-09,1,0.3504532488266717,0
3,381,0697.HK,2024-09-09,0,0.12295694605699564,0
3,382,0697.HK,2025-03-10,1,0.19809918275267618,0
3,387,0700.HK,2024-09-09,1,0.9999961943055652,1
3,395,0732.HK,2024-09-09,0,0.8970206108430574,1
3,398,0743.HK,2025-03-10,0,0.2580342318801179,0
3,404,0759.HK,2024-09-09,1,0.7972569803472763,1
3,405,0760.HK,2024-09-09,1,0.17346756914900582,0
3,409,0762.HK,2024-03-04,1,0.25733122530316105,0
3,410,0762.HK,2024-09-09,0,0.1299042782983107,0
3,419,0780.HK,2024-03-04,1,0.10513913634742442,0
3,425,0806.HK,2025-03-10,0,0.7243128121626827,1
3,430,0813.HK,2024-03-04,1,0.22448120658094722,0
3,431,0813.HK,2024-09-09,0,0.006129821444662056,0
3,433,0825.HK,2024-09-09,1,0.3937679127729537,0
3,448,0881.HK,2024-03-04,0,0.047146947959140775,0
3,452,0884.HK,2024-03-04,1,0.1855035285685374,0
3,453,0884.HK,2024-09-09,1,0.0013386348178343413,0
3,454,0884.HK,2025-03-10,0,0.198765283750359,0
3,464,0919.HK,2024-09-09,0,0.7913039687169499,1
3,468,0921.HK,2024-03-04,1,0.30274184074338384,0
3,471,0933.HK,2024-09-09,0,0.12474853021864599,0
3,481,0960.HK,2024-09-09,0,0.12711795066307854,0
3,482,0960.HK,2024-12-09,0,0.12985610839384149,0
3,487,0968.HK,2024-06-11,0,0.05129826722933729,0
3,488,0975.HK,2024-09-09,1,0.6812453665055995,1
3,502,1024.HK,2024-12-09,1,0.5105091719150409,1
3,508,1044.HK,2024-09-09,1,0.12991434323091447,0
3,516,1071.HK,2024-09-09,1,0.46768686894739636,0
3,522,1088.HK,2024-09-09,0,0.9222171390809639,1
3,527,1108.HK,2024-09-09,0,0.8738223661014013,1
3,541,1119.HK,2025-03-10,0,0.37353651480918204,0
3,553,1176.HK,2024-09-09,0,0.0038053460656721685,0
3,556,1177.HK,2025-03-10,0,0.2090726145644593,0
3,574,1238.HK,2024-09-09,0,0.20798573356576402,0
3,575,1244.HK,2024-09-09,0,0.023552641188139628,0
3,576,1244.HK,2024-12-09,0,0.12517548100037665,0
3,580,1268.HK,2024-09-09,0,0.03352397000964305,0
3,581,1268.HK,2025-03-10,0,0.17674165484554247,0
3,584,1274.HK,2024-09-09,1,0.9754190786629544,1
3,585,1277.HK,2024-09-09,1,0.6666922652671774,1
3,595,1302.HK,2025-03-10,1,0.6225719743496052,1
3,611,1341.HK,2024-09-09,1,0.25017307712575376,0
3,614,1347.HK,2024-09-09,0,0.062349138890976104,0
3,623,1385.HK,2025-03-10,0,0.8706272909818408,1
3,626,1405.HK,2024-09-09,1,0.4148350794408835,0
3,627,1415.HK,2024-09-09,1,0.45903649385243983,0
3,630,1468.HK,2025-03-10,0,0.23060892557537865,0
3,637,1513.HK,2024-03-04,1,0.2655011547995001,0
3,640,1519.HK,2024-03-04,1,0.6436602166736701,1
3,641,1519.HK,2024-09-09,1,0.4220577908682665,0
3,642,1521.HK,2024-09-09,0,0.4320079021516863,0
3,648,1541.HK,2024-03-04,1,0.7946640185614385,1
3,649,1541.HK,2025-03-10,0,0.5547023430135446,1
3,651,1563.HK,2024-09-09,0,0.09976640497483452,0
3,654,1600.HK,2025-03-10,0,0.30953609979186836,0
3,664,1668.HK,2024-09-09,0,0.0352153259593601,0
3,670,1686.HK,2024-03-04,0,0.1002348824905121,0
3,671,1691.HK,2024-09-09,0,0.6741313132836949,1
3,672,1698.HK,2025-03-10,1,0.19877953779763508,0
3,673,1709.HK,2024-09-09,1,0.7202053751967635,1
3,678,1735.HK,2024-03-04,1,0.5691193262753961,1
3,680,1765.HK,2024-09-09,0,0.12194434020329496,0
3,688,1773.HK,2024-09-09,1,0.7012125958718486,1
3,694,1788.HK,2024-09-09,1,0.7611955574308724,1
3,697,1797.HK,2025-03-10,0,0.44408954734042305,0
3,698,1799.HK,2025-03-10,0,0.7670720814849241,1
3,714,1833.HK,2024-09-09,0,0.03652394940857542,0
3,716,1836.HK,2024-09-09,1,0.36330448045568414,0
3,718,1855.HK,2024-09-09,1,0.8004728507172603,1
3,719,1857.HK,2024-09-09,1,0.8251829709744615,1
3,720,1865.HK,2024-09-09,1,0.9362794156158748,1
3,724,1877.HK,2024-09-09,0,0.06016965634288204,0
3,727,1890.HK,2024-09-09,0,0.47399502401289434,0
3,737,1921.HK,2024-09-09,1,0.5988696860627042,1
3,739,1939.HK,2024-09-09,1,0.7079769619098889,1
3,740,1942.HK,2024-03-04,1,0.9993354436866907,1
3,741,1942.HK,2024-09-09,0,0.024924260399084623,0
3,742,1942.HK,2025-03-10,0,0.5811580327203436,1
3,746,1963.HK,2024-03-04,1,0.3191505515665748,0
3,747,1969.HK,2024-03-04,1,0.6727209639924024,1
3,766,2015.HK,2023-12-04,1,0.8670148305271637,1
3,767,2016.HK,2024-09-09,1,0.22980635282846792,0
3,770,2018.HK,2024-09-09,1,0.6803769915387485,1
3,773,2020.HK,2024-09-09,1,0.47638439409702055,0
3,779,2039.HK,2024-09-09,1,0.25845127897842995,0
3,784,2057.HK,2025-03-10,1,0.8010746420353466,1
3,789,2105.HK,2025-03-10,0,0.3432621784525432,0
3,790,2121.HK,2025-03-10,0,0.43374892212860533,0
3,792,2129.HK,2024-09-09,1,0.9139805462424804,1
3,794,2138.HK,2024-09-09,0,0.07259685673630162,0
3,795,2150.HK,2024-03-04,0,0.09136751814695435,0
3,796,2150.HK,2025-03-10,0,0.1515424801854761,0
3,797,2155.HK,2024-09-09,1,0.258393725397178,0
3,800,2160.HK,2024-09-09,0,0.07284860750080213,0
3,801,2169.HK,2024-03-04,1,0.7965080652184781,1
3,802,2171.HK,2024-12-09,0,0.2926500751428733,0
3,803,2171.HK,2025-03-10,0,0.6808385733827184,1
3,810,2202.HK,2024-09-09,0,0.28428038406351647,0
3,812,2208.HK,2024-09-09,0,0.12487318636063004,0
3,813,2228.HK,2024-12-09,1,0.7698028682666861,1
3,816,2232.HK,2025-03-10,1,0.3155241364536277,0
3,817,2236.HK,2024-09-09,0,0.9115735910172569,1
3,823,2257.HK,2024-09-09,0,0.38858973193800717,0
3,825,2269.HK,2024-09-09,1,0.1499968346004303,0
3,828,2282.HK,2024-09-09,1,0.8056626993627155,1
3,840,2328.HK,2024-12-09,1,0.5360871065584302,1
3,846,2331.HK,2025-03-10,0,0.2555736388108905,0
3,851,2352.HK,2024-09-09,1,0.7714898989531959,1
3,854,2356.HK,2024-09-09,1,0.35884318747623495,0
3,855,2359.HK,2023-12-04,1,0.3969389302436231,0
3,858,2378.HK,2024-09-09,1,0.24121567295309432,0
3,863,2386.HK,2024-09-09,1,0.595723152214883,1
3,864,2390.HK,2025-03-10,0,0.41247776135140723,0
3,866,2407.HK,2025-03-10,0,0.23877415470596908,0
3,867,2410.HK,2025-03-10,1,0.9500378423194975,1
3,869,2411.HK,2025-03-10,0,0.15962273992807116,0
3,870,2415.HK,2024-09-09,0,0.0897754950920368,0
3,871,2416.HK,2024-09-09,0,0.4807971579831863,0
3,872,2419.HK,2024-09-09,1,0.6191976641444809,1
3,874,2429.HK,2024-03-04,1,0.6593009771469662,1
3,875,2453.HK,2024-09-09,1,0.9174831262848052,1
3,876,2459.HK,2024-09-09,1,0.4525999380521386,0
3,877,2460.HK,2025-03-10,1,0.7811503302251741,1
3,878,2487.HK,2025-03-10,0,0.6790351142930949,1
3,879,2498.HK,2024-06-11,1,0.6727460421542988,1
3,880,2498.HK,2024-09-09,1,0.45061012258718697,0
3,882,2507.HK,2025-03-10,1,0.5452814135416338,1
3,883,2510.HK,2025-03-10,1,0.8678818306187448,1
3,884,2511.HK,2025-03-10,0,0.10529473831793688,0
3,885,2517.HK,2024-03-04,1,0.6416977858221972,1
3,886,2522.HK,2025-03-10,1,0.7789618112174491,1
3,887,2533.HK,2024-12-09,1,0.6777601836791669,1
3,888,2555.HK,2024-09-09,1,0.7403406055307705,1
3,889,2562.HK,2025-03-10,1,0.9999995883418884,1
3,890,2563.HK,2025-03-10,1,0.9771534222070022,1
3,892,2602.HK,2024-09-09,1,0.33340661665972465,0
3,897,2618.HK,2024-09-09,0,0.37183867035114393,0
3,900,2678.HK,2025-03-10,0,0.6193998975537338,1
3,906,2689.HK,2024-09-09,0,0.24043729323506205,0
3,909,2727.HK,2024-09-09,1,0.3810802801710258,0
3,912,2778.HK,2025-03-10,1,0.34190429127811545,0
3,917,2799.HK,2025-03-10,1,0.39747647840429084,0
3,924,2877.HK,2024-03-04,1,0.29971587099037866,0
3,932,2899.HK,2024-06-11,1,0.6300354326166197,1
3,933,300015.SZ,2024-09-09,0,0.26973963194115247,0
3,935,300122.SZ,2024-09-09,1,0.7267788146077632,1
3,948,300671.SZ,2024-03-04,0,0.1687809380620566,0
3,950,300735.SZ,2024-09-09,1,0.9703080757870997,1
3,952,300737.SZ,2024-09-09,0,0.05551137461986935,0
3,955,300750.SZ,2024-09-09,1,0.9978802299619564,1
3,962,300973.SZ,2024-09-09,0,0.1499369496546981,0
3,965,301510.SZ,2024-03-04,1,0.9982339979951135,1
3,968,3306.HK,2024-09-09,1,0.7467935950766083,1
3,969,3309.HK,2025-03-10,0,0.4121482028491847,0
3,972,3319.HK,2024-03-04,0,0.06145352950846731,0
3,989,3347.HK,2025-03-10,0,0.7601142327785098,1
3,992,3377.HK,2024-09-09,0,0.0380191766034495,0
3,995,3383.HK,2025-03-10,0,0.988933877483109,1
3,1001,3650.HK,2023-12-04,1,0.7783512459594112,1
3,1002,3650.HK,2025-03-10,0,0.10125238058602642,0
3,1004,3669.HK,2025-03-10,0,0.15096543781317162,0
3,1013,3759.HK,2024-12-09,0,0.0969579520175281,0
3,1014,3759.HK,2025-03-10,0,0.792958647170453,1
3,1020,3877.HK,2024-03-04,0,0.4177994368539323,0
3,1021,3877.HK,2024-09-09,1,0.4478448043806349,0
3,1027,3899.HK,2024-09-09,1,0.6506864513324848,1
3,1031,3931.HK,2025-03-10,1,0.4301999130434129,0
3,1033,3933.HK,2023-12-04,1,0.5211303681438529,1
3,1034,3933.HK,2024-09-09,1,0.3999612269466948,0
3,1035,3939.HK,2025-03-10,1,0.6133715973734382,1
3,1049,3990.HK,2024-09-09,0,0.06444059978871983,0
3,1051,3993.HK,2024-09-09,0,0.8608054558514482,1
3,1070,600028.SS,2024-09-09,1,0.40205342548589973,0
3,1073,600030.SS,2024-09-09,0,0.8449383483788703,1
3,1084,600104.SS,2024-09-09,0,0.7411272045388037,1
3,1100,600188.SS,2024-09-09,0,0.35883186189597877,0
3,1103,600196.SS,2024-09-09,0,0.09304591065960623,0
3,1120,600346.SS,2024-09-09,0,0.2679719245237419,0
3,1128,600406.SS,2024-09-09,1,0.49332584235519117,0
3,1130,600438.SS,2024-03-04,0,0.3930982105912801,0
3,1135,600547.SS,2024-09-09,0,0.8882195262641364,1
3,1143,600600.SS,2024-09-09,1,0.4279267079651226,0
3,1174,600938.SS,2024-09-09,1,0.9413034352120311,1
3,1185,601012.SS,2024-09-09,0,0.3983534743158244,0
3,1211,601225.SS,2024-09-09,1,0.3899297110055311,0
3,1220,601318.SS,2024-09-09,1,0.8956447905220202,1
3,1222,601319.SS,2024-06-11,1,0.05637925279771678,0
3,1235,601600.SS,2024-09-09,1,0.18733617379839126,0
3,1247,601633.SS,2024-06-11,0,0.26726480552887244,0
3,1263,601808.SS,2024-09-09,1,0.5103995342157861,1
3,1282,601899.SS,2024-06-11,0,0.30044309210587006,0
3,1283,601899.SS,2024-09-09,1,0.974833698898532,1
3,1296,601998.SS,2024-06-11,1,0.1854612209475155,0
3,1304,603288.SS,2024-09-09,0,0.09779473884658269,0
3,1307,603501.SS,2024-09-09,0,0.6991295487025118,1
3,1319,603993.SS,2024-09-09,1,0.3402928804411847,0
3,1324,6060.HK,2025-03-10,0,0.13164182265384544,0
3,1327,6086.HK,2024-12-09,1,0.893184284736573,1
3,1328,6086.HK,2025-03-10,1,0.7783393866019216,1
3,1334,6098.HK,2024-06-11,0,0.032574676094852414,0
3,1341,6100.HK,2024-09-09,0,0.09311959224903897,0
3,1345,6160.HK,2025-03-10,1,0.6152529166744439,1
3,1350,6185.HK,2024-03-04,0,0.02831269328497571,0
3,1351,6185.HK,2024-09-09,0,0.3161530656074267,0
3,1355,6610.HK,2024-03-04,0,0.08857307304193726,0
3,1357,6623.HK,2025-03-10,1,0.5432693596971815,1
3,1358,6639.HK,2025-03-10,0,0.3374333091811452,0
3,1359,6660.HK,2024-09-09,0,0.08075179869799338,0
3,1360,6660.HK,2025-03-10,0,0.9408742608551703,1
3,1362,6666.HK,2024-03-04,1,0.17833741514919957,0
3,1363,6666.HK,2024-09-09,0,0.018797373998494092,0
3,1364,6682.HK,2024-03-04,1,0.5815930627788027,1
3,1365,6683.HK,2024-03-04,1,0.8962234755959713,1
3,1367,6698.HK,2025-03-10,0,0.3496471394867267,0
3,1372,6818.HK,2024-09-09,0,0.4305616482223694,0
3,1376,6855.HK,2024-06-11,1,0.46268714855134174,0
3,1384,6878.HK,2024-03-04,0,0.06333806801658054,0
3,1385,688036.SS,2024-09-09,1,0.9848679106899737,1
3,1388,688114.SS,2024-03-04,1,0.16099480777900813,0
3,1389,688177.SS,2024-09-09,1,0.5966131860176376,1
3,1390,688318.SS,2024-03-04,1,0.8379818267594897,1
3,1391,688343.SS,2024-09-09,1,0.2628392725264389,0
3,1392,688525.SS,2024-09-09,1,0.8881799583593473,1
3,1398,6929.HK,2023-12-04,0,0.479145506797314,0
3,1399,6929.HK,2024-03-04,0,0.22396762179230664,0
3,1400,6963.HK,2024-09-09,1,0.4893208012865291,0
3,1402,6969.HK,2024-09-09,0,0.29272385645440185,0
3,1405,6990.HK,2024-03-04,1,0.7028012163950519,1
3,1406,6990.HK,2024-06-11,1,0.7070747453649974,1
3,1413,9638.HK,2024-03-04,1,0.36578633183131487,0
3,1414,9638.HK,2025-03-10,0,0.3508953173215429,0
3,1415,9660.HK,2025-03-10,1,0.8449037799233187,1
3,1419,9668.HK,2024-09-09,0,0.14765451122657391,0
3,1420,9669.HK,2025-03-10,0,0.3609104594980909,0
3,1421,9676.HK,2024-03-04,1,0.9399602768753748,1
3,1423,9698.HK,2024-03-04,0,0.008732198287484942,0
3,1424,9699.HK,2024-09-09,1,0.5307369366629587,1
3,1425,9857.HK,2024-09-09,0,0.6342988294299524,1
3,1427,9869.HK,2024-09-09,0,0.11717468006692223,0
3,1428,9869.HK,2025-03-10,0,0.8177049781349214,1
3,1429,9877.HK,2024-09-09,0,0.38520935206391305,0
3,1430,9885.HK,2023-12-04,1,0.3380452240024021,0
3,1431,9885.HK,2024-03-04,1,0.9835220296106547,1
3,1432,9886.HK,2024-06-11,0,0.06796945922814371,0
3,1433,9886.HK,2024-09-09,0,0.13498767969277242,0
3,1435,9890.HK,2024-03-04,1,0.9031194127800273,1
3,1436,9890.HK,2024-09-09,1,0.8491431904641643,1
3,1437,9898.HK,2024-12-09,0,0.04796039447458882,0
3,1438,9899.HK,2024-09-09,1,0.6135709631719324,1
3,1439,9901.HK,2024-09-09,1,0.8675090053454713,1
3,1440,9901.HK,2024-12-09,1,0.5455376364380811,1
3,1446,9926.HK,2024-09-09,0,0.4520715592066069,0
3,1448,9930.HK,2024-03-04,0,0.8122429251822473,1
3,1450,9939.HK,2024-03-04,0,0.020914377858705188,0
3,1451,9955.HK,2023-12-04,0,0.12649514058092978,0
3,1452,9955.HK,2024-09-09,0,0.15090991568510503,0
3,1454,9959.HK,2025-03-10,0,0.470525618529222,0
3,1457,9966.HK,2025-03-10,0,0.18517879837849552,0
3,1461,9985.HK,2024-03-04,0,0.24060256005442518,0
3,1462,9985.HK,2025-03-10,1,0.6322804654134001,1
3,1470,9995.HK,2025-03-10,0,0.2584502462048647,0
3,1472,9996.HK,2025-03-10,0,0.31692949464411674,0
